  26326 0
   2031 1
   1097 2
    834 3
   8887 4
    874 5
    637 6
    545 7
   9855 8
    278 9
    242 10
    156 11
   7550 12
    129 13
    137 14
    124 15
   4696 16
     85 17
    138 18
    118 19
   3453 20
    102 21
    104 22
    108 23
   2791 24
    148 25
    154 26
    178 27
   2324 28
    147 29
     92 30
    108 31
   1763 32
     59 33
     69 34
     85 35
   1865 36
    132 37
     77 38
    101 39
   1301 40
     83 41
     67 42
     58 43
   1156 44
     37 45
     70 46
     55 47
   1086 48
     51 49
     79 50
     37 51
   1016 52
     39 53
     21 54
     33 55
    797 56
     54 57
     41 58
     30 59
    772 60
     20 61
     15 62
     30 63
    646 64
     53 65
     35 66
     17 67
    653 68
     27 69
     20 70
     25 71
    699 72
     17 73
     15 74
     31 75
    541 76
     31 77
     43 78
     23 79
    511 80
     21 81
     28 82
     11 83
    497 84
     31 85
     12 86
     17 87
    436 88
     24 89
     18 90
     44 91
    430 92
     17 93
     17 94
     19 95
    381 96
      9 97
     15 98
     17 99
    356 100
      7 101
     11 102
     14 103
    314 104
     11 105
     25 106
      9 107
    367 108
     12 109
     11 110
      3 111
    352 112
     10 113
     16 114
     14 115
    308 116
     11 117
     16 118
     18 119
    288 120
     16 121
     10 122
      9 123
    294 124
      9 125
     19 126
      9 127
    260 128
      4 129
     24 130
      1 131
    275 132
     21 134
     17 135
    226 136
      8 137
     26 138
     20 139
    244 140
      5 141
      4 142
     28 143
    229 144
      5 145
     17 146
     17 147
    222 148
     14 149
     13 150
     20 151
    232 152
     24 153
      6 154
     10 155
    177 156
     15 157
      7 158
     16 159
    154 160
     18 161
      7 162
     10 163
    182 164
      6 165
      6 166
     17 167
    177 168
      2 169
      6 170
      9 171
    171 172
      5 174
     13 175
    146 176
     21 177
      4 178
      4 179
    152 180
      7 182
      1 183
    130 184
      7 185
      1 187
    122 188
      4 189
      8 190
      1 191
    143 192
      5 193
     12 194
     10 195
    135 196
     11 197
     16 198
      4 199
    145 200
      3 201
     16 202
      6 203
    143 204
      6 205
      9 206
     13 207
    122 208
      4 209
      9 210
      4 211
    112 212
      1 213
     16 214
      4 215
    140 216
      2 217
      5 218
      1 219
    107 220
      4 221
      3 222
     10 223
    118 224
      5 225
      5 226
      9 227
    106 228
      2 229
      7 230
      8 231
    112 232
      6 233
      8 234
     10 235
     85 236
      6 237
      8 238
      5 239
    104 240
      4 241
      1 242
      6 243
    112 244
      5 245
     11 246
      7 247
     88 248
      4 249
      3 250
     12 251
     88 252
      3 253
      6 254
      2 255
    108 256
      4 257
     10 258
      7 259
     97 260
     14 261
      3 262
      9 263
     91 264
      4 265
     16 266
      9 267
     85 268
      1 269
     14 270
    117 272
     13 273
     10 274
      3 275
     65 276
      9 277
      2 278
      2 279
     67 280
      2 281
      8 282
     12 283
     93 284
     12 285
      6 286
      3 287
     77 288
     12 289
      3 290
     13 291
     77 292
      9 293
     30 294
     28 295
     99 296
     20 297
     16 298
      5 299
     73 300
      3 301
     11 303
     85 304
      5 305
     11 306
      7 307
     72 308
     13 309
      4 310
      5 311
     68 312
      1 313
      1 314
      7 315
     71 316
     12 317
     15 318
     16 319
     85 320
      3 322
     81 324
      1 326
      2 327
     50 328
      5 329
     10 330
      3 331
     62 332
      4 333
      5 334
      9 335
     78 336
      2 337
      5 339
     93 340
      5 341
     11 342
     92 344
      4 345
     17 346
     10 347
     68 348
      5 350
      1 351
     76 352
      7 353
     12 355
     63 356
      6 357
     55 360
      4 361
      3 362
      6 363
     66 364
      4 367
     59 368
      6 369
      6 370
      1 371
     52 372
      9 373
      2 375
     62 376
      6 377
      2 378
      3 379
     48 380
      4 381
      6 382
     43 384
      3 386
      2 387
     62 388
      5 389
      2 390
      1 391
     52 392
     49 396
      2 397
     46 400
      3 402
      4 403
     55 404
      2 405
      1 406
     46 408
      1 409
      7 410
      7 411
     43 412
      2 414
      5 415
     45 416
      1 417
      6 418
     51 420
      3 421
      2 423
     32 424
      1 426
      2 427
     37 428
      4 429
      3 430
      6 431
     41 432
      5 433
      6 434
      3 435
     45 436
      3 437
      2 438
      3 439
     38 440
      2 442
      5 443
     47 444
      2 445
      1 447
     38 448
      2 451
     39 452
      2 453
      1 454
      4 455
     33 456
     28 460
      4 461
      5 462
     49 464
      4 465
     10 466
      7 467
     39 468
      5 469
      1 470
     66 472
      3 474
      3 475
     32 476
      4 478
     35 480
      1 482
      2 483
     29 484
      2 486
     35 488
      3 490
      4 491
     35 492
     15 493
      1 495
     20 496
      3 499
     28 500
     37 504
      1 505
      1 507
     38 508
      2 509
      7 510
     32 512
      7 513
      5 514
     36 516
      6 519
     24 520
      1 523
     47 524
      1 525
     35 528
      1 529
      3 530
      3 531
     21 532
      3 533
      1 534
      6 535
     43 536
      2 537
     24 540
      1 541
      4 542
     38 544
      7 545
      1 546
      8 547
     30 548
      6 551
     40 552
      3 553
      1 554
      5 555
     34 556
      2 558
      4 559
     33 560
     12 561
      1 562
     31 564
      1 565
     28 568
      2 570
     34 572
      1 574
     22 576
      1 579
     31 580
      1 581
      3 583
     33 584
     51 588
      3 590
      3 591
     36 592
      6 593
      1 595
     32 596
     16 600
     19 604
      7 605
     33 608
      7 609
      8 610
     27 612
     28 616
      6 617
     28 620
      1 622
     25 624
      7 625
     21 628
      1 630
     17 632
      6 634
     18 636
      3 637
     25 640
      3 643
     29 644
      2 646
      6 647
     25 648
      6 650
     25 652
      7 653
      2 654
     21 656
      7 657
      6 658
     21 660
      3 661
      1 662
      1 663
     33 664
      3 666
     27 668
      2 670
     24 672
     16 676
      3 677
     15 680
      6 683
     33 684
      5 685
      2 686
      6 687
     31 688
      3 690
      3 691
     30 692
      6 694
     24 696
      3 697
      1 699
     14 700
      7 701
     21 704
      2 705
     31 708
      1 709
     21 712
      6 713
      7 715
     21 716
      2 718
     23 720
      6 722
     22 724
      9 725
      1 726
     24 728
      9 729
     13 732
     13 736
      2 739
     27 740
      1 743
     16 744
      1 745
     27 748
     25 752
      6 754
     29 756
      1 757
      3 758
     23 760
      5 761
     21 764
      2 765
      1 766
      1 767
     23 768
      3 770
     17 772
      9 773
     15 776
      6 779
     11 780
      2 782
     29 784
      6 785
     18 788
      1 789
     19 792
      3 793
     16 796
     13 800
     10 804
      5 805
     10 808
      4 811
      7 812
     20 816
     13 820
      2 821
     17 824
     10 825
      6 826
      4 827
     16 828
      1 831
     26 832
      6 835
     14 836
      2 837
     12 840
      1 842
     14 844
      3 846
      2 847
     16 848
      5 849
     15 852
      6 853
      2 855
     16 856
     22 860
      1 861
      6 863
     17 864
     20 868
      1 869
     16 872
      2 874
     10 876
      1 878
      1 879
     14 880
      3 883
     11 884
      1 886
     10 888
     16 892
      1 893
      1 894
     13 896
      6 897
     18 900
     17 904
      1 905
     15 908
      6 911
     14 912
      1 913
      6 914
      3 915
     12 916
     23 920
      3 922
     13 924
     26 928
      6 930
     17 932
      6 934
     12 936
      2 939
     16 940
      6 942
     12 944
     14 948
     14 952
      5 956
     12 960
      9 964
      3 965
      5 966
     15 968
      1 969
      9 972
      2 974
     18 976
      6 977
      1 978
     16 980
      6 984
      6 986
     25 988
     19 992
      1 994
     11 996
     21 1000
      1 1002
      1 1003
     10 1004
     12 1008
     17 1012
      2 1013
      3 1014
      7 1016
      3 1018
     19 1020
      1 1022
     14 1024
      1 1027
     13 1028
      1 1029
     11 1032
     11 1036
      1 1039
     11 1040
     10 1044
     22 1048
      7 1050
      8 1052
     12 1056
      6 1059
     10 1060
     12 1064
      8 1068
      9 1072
      1 1073
      2 1074
     12 1076
     15 1080
     22 1084
     23 1088
      3 1092
      7 1096
     16 1100
      2 1102
      9 1104
      6 1108
      6 1111
      9 1112
      2 1113
      3 1114
      4 1116
      7 1120
      3 1121
      1 1122
      9 1124
     10 1128
      3 1129
      1 1131
     11 1132
      9 1136
      6 1138
      4 1140
      6 1141
      8 1144
      2 1145
     10 1148
     12 1152
     10 1156
      1 1159
      6 1160
      6 1163
     14 1164
      3 1167
      8 1168
      3 1172
      1 1173
     10 1176
      1 1178
     10 1180
      7 1184
      8 1188
      2 1192
      3 1196
     16 1200
      7 1204
      9 1208
     12 1212
      1 1214
     14 1216
      3 1217
      4 1218
     26 1219
     77 1220
     59 1221
     22 1222
      6 1223
      6 1224
      6 1225
      9 1228
      6 1229
      1 1231
     10 1232
      1 1235
     11 1236
      3 1238
     11 1240
      7 1244
      1 1245
      9 1248
      3 1250
      4 1252
      4 1256
      2 1259
      6 1260
      1 1263
      7 1264
      9 1268
      7 1272
      6 1276
      9 1280
      4 1284
      5 1288
      6 1290
      6 1292
      1 1293
      5 1296
      3 1299
      3 1300
      7 1304
      5 1308
      1 1309
      1 1311
      7 1312
      4 1316
      9 1320
      1 1321
      3 1323
      7 1324
      7 1328
      6 1330
      4 1332
      6 1336
      9 1340
      1 1343
      8 1344
      1 1346
      4 1348
      1 1351
      5 1352
      3 1353
      9 1356
      7 1360
     10 1364
      3 1365
      3 1366
      9 1368
      1 1369
      4 1372
      1 1374
      1 1375
      7 1376
     16 1380
      4 1384
     11 1388
      6 1392
      4 1396
      2 1400
      6 1401
      5 1404
      6 1405
      6 1408
      5 1409
     12 1412
     12 1416
      1 1418
      1 1419
     10 1420
      5 1421
      2 1423
      6 1424
      4 1426
      2 1427
     13 1428
      1 1429
      3 1430
      7 1432
      7 1435
     11 1436
      6 1437
      9 1440
      1 1442
     10 1444
      5 1447
      4 1448
      3 1452
      9 1456
      3 1459
      6 1460
      1 1464
      6 1468
      7 1472
      8 1476
     13 1480
      2 1482
      9 1484
      3 1486
      5 1488
      1 1489
      4 1492
      2 1494
      8 1496
     12 1500
      8 1504
      8 1508
      2 1509
      3 1512
      6 1516
      3 1520
      4 1524
      3 1528
      2 1530
     12 1531
      5 1532
      3 1533
      7 1534
      6 1536
      5 1540
      2 1544
     12 1545
      1 1546
      3 1547
     12 1548
      1 1549
      9 1552
      1 1554
      9 1556
      3 1559
      7 1560
      4 1564
      6 1565
      5 1567
     13 1568
     10 1572
      1 1573
     10 1576
      1 1577
      4 1580
      5 1584
     11 1588
      9 1592
      1 1594
     12 1596
      7 1600
      8 1604
      6 1606
      2 1608
      6 1612
      3 1614
      1 1616
      1 1620
      4 1624
      4 1628
      4 1632
      4 1636
      6 1640
      9 1641
      6 1643
      4 1644
      2 1648
      7 1652
      6 1656
      6 1660
      4 1664
      4 1666
      6 1668
      6 1672
      1 1674
      3 1676
      3 1680
      1 1684
      3 1685
      9 1688
      4 1692
     10 1696
     12 1699
      2 1700
     12 1701
      4 1704
      3 1708
      1 1712
      2 1715
      5 1716
      9 1720
      5 1724
     14 1728
      5 1732
      6 1733
      4 1736
      3 1738
      1 1739
      2 1740
      6 1744
      1 1748
      1 1749
      7 1752
      3 1756
      1 1760
      1 1762
      4 1764
      6 1765
      3 1768
      5 1772
      6 1776
      3 1780
      3 1784
      2 1786
      1 1788
      3 1792
      8 1793
      2 1796
      9 1800
      5 1804
      5 1808
      5 1812
     10 1816
      3 1820
      4 1824
      4 1828
      3 1832
      1 1834
      5 1836
      3 1840
      6 1844
      1 1847
      8 1848
      3 1851
      2 1852
      1 1854
      2 1856
      2 1860
      2 1862
      4 1864
      1 1868
      3 1872
      4 1876
      1 1877
      1 1878
      4 1880
      4 1884
      3 1888
      1 1890
      5 1892
      3 1896
      1 1897
      2 1900
      3 1901
      1 1903
      4 1904
      4 1908
      3 1912
      3 1916
      4 1920
      2 1924
      2 1927
      5 1928
      9 1932
      6 1936
      1 1939
      4 1940
      8 1944
      3 1945
      6 1948
      3 1952
      3 1956
      2 1957
      7 1960
      4 1964
      2 1968
      1 1972
      2 1975
      3 1976
      3 1980
      1 1981
      6 1984
      1 1986
      1 1987
      2 1988
     12 1992
      1 1993
      3 1996
      2 2000
      2 2004
      3 2008
      2 2012
      8 2016
      2 2020
      1 2024
      1 2027
      2 2028
      1 2029
      2 2032
      2 2033
      1 2035
      1 2036
      2 2040
     11 2044
      4 2048
      2 2052
      5 2056
      6 2060
      2 2062
      3 2064
      5 2068
      3 2072
      1 2076
      2 2080
      3 2084
      3 2088
      4 2092
      1 2096
      2 2100
      1 2104
      2 2108
      3 2112
      5 2115
      8 2116
      3 2120
      5 2123
      6 2124
      3 2128
     10 2132
      2 2133
      8 2136
      2 2140
      2 2144
      3 2147
      3 2148
      2 2152
      6 2156
      5 2160
      6 2172
      3 2180
      2 2184
      3 2192
      2 2196
      5 2200
      1 2205
      2 2208
      6 2212
      7 2216
      6 2220
      3 2224
      5 2228
      1 2236
      3 2240
      3 2244
      5 2248
      2 2252
     10 2260
      3 2264
      1 2268
      2 2272
      1 2276
      8 2280
      3 2284
      4 2288
      4 2292
      3 2296
      4 2300
      1 2304
      1 2305
      2 2308
      3 2316
      3 2320
      2 2325
      1 2332
      2 2336
      7 2340
      3 2348
      1 2353
      6 2354
      3 2356
      8 2360
      2 2364
      3 2372
      2 2376
      3 2380
      2 2384
      2 2388
      4 2396
      2 2400
      5 2404
      4 2408
      2 2411
      3 2412
      2 2416
      1 2420
      3 2424
      3 2432
      3 2434
      4 2436
      5 2440
      2 2443
      3 2444
      3 2448
      2 2452
      3 2456
      2 2460
      4 2464
      5 2468
      1 2470
      1 2474
      2 2476
      1 2480
      1 2481
      4 2488
      1 2490
      1 2492
      3 2495
     10 2496
      2 2500
      1 2504
      8 2508
      1 2512
      1 2516
      4 2520
      1 2524
      4 2528
      1 2529
      3 2532
      1 2536
      2 2540
      1 2541
      1 2544
      2 2548
      3 2552
      5 2556
      7 2560
      2 2564
      4 2568
      2 2572
      3 2576
      5 2580
      3 2584
      2 2588
      3 2592
      1 2595
      1 2596
      1 2600
      1 2601
      1 2608
      3 2612
      3 2616
      1 2620
      2 2625
      3 2628
      4 2632
      2 2636
      1 2640
      1 2644
      2 2648
      2 2656
      1 2657
      4 2660
      1 2662
      1 2664
      2 2668
      1 2672
      1 2679
      4 2680
      1 2682
      1 2684
      4 2688
      1 2690
      6 2692
      3 2696
      1 2700
      3 2704
      3 2708
      3 2712
      1 2720
      3 2724
      1 2728
      3 2732
      2 2740
      2 2744
      2 2748
      3 2753
      1 2756
      1 2757
      1 2760
      1 2764
      1 2768
      4 2772
      3 2776
      4 2780
      4 2788
      2 2796
      1 2800
      9 2802
      4 2804
      3 2806
      1 2808
      2 2812
      1 2816
      3 2820
      4 2824
      9 2829
      2 2832
      2 2836
      1 2840
      1 2841
      7 2844
      2 2848
      2 2852
      4 2860
      2 2864
      1 2868
      1 2872
      3 2876
      1 2880
      1 2888
      1 2891
      1 2900
      4 2908
      1 2912
      1 2920
      4 2924
      5 2928
      1 2935
      1 2936
      3 2940
      8 2944
      4 2948
      5 2952
      3 2956
      2 2960
      5 2964
      1 2968
      3 2972
      2 2976
      1 2980
      5 2984
      3 2988
      1 2992
      2 2996
      3 3000
      3 3004
      1 3008
      2 3012
      1 3013
      1 3020
      1 3024
      1 3028
      1 3032
      3 3036
      1 3040
      1 3044
      1 3052
      4 3056
      3 3060
      6 3064
      2 3068
      3 3076
      4 3080
      1 3092
      1 3095
      1 3096
      1 3099
      4 3100
      1 3104
      1 3108
      1 3112
      1 3116
      4 3124
      3 3132
      2 3136
      1 3140
      1 3144
      4 3148
      1 3152
      1 3156
      1 3160
      2 3164
      3 3168
      3 3176
      4 3180
      2 3188
      3 3192
      2 3196
      2 3208
      1 3212
      2 3216
      2 3220
      2 3224
      4 3228
      1 3236
      1 3240
      2 3244
      2 3248
      3 3252
      2 3256
      2 3264
      2 3272
      3 3280
      1 3284
      1 3288
      1 3290
      2 3292
      2 3296
      3 3304
      2 3308
      3 3312
      1 3320
      2 3328
      3 3340
      2 3348
      1 3352
      1 3360
      2 3364
      2 3368
      1 3372
      1 3376
      3 3380
      3 3383
      2 3384
      3 3388
      1 3392
      4 3396
      2 3400
      1 3408
      3 3412
      1 3416
      3 3420
      2 3424
      2 3428
      4 3448
      2 3452
      3 3456
      2 3460
      3 3464
      1 3472
      1 3480
      1 3484
      1 3488
      2 3500
      1 3504
      1 3516
      1 3520
      2 3524
      1 3536
      1 3540
      2 3544
      2 3548
      3 3556
      1 3560
      2 3564
      1 3568
      1 3569
      1 3572
      2 3576
      1 3580
      1 3584
      2 3588
      2 3592
      1 3600
      1 3604
      1 3610
      1 3612
      3 3616
      2 3624
      2 3628
      2 3636
      1 3638
      1 3640
      1 3648
      2 3652
      2 3656
      1 3660
      1 3668
      2 3676
      4 3680
      1 3684
      2 3692
      1 3696
      2 3700
      1 3708
      1 3712
      1 3716
      2 3720
      1 3724
      1 3728
      3 3729
      2 3732
      1 3736
      1 3740
      1 3752
      2 3756
      1 3772
      1 3780
      1 3782
      1 3783
      2 3787
      1 3804
      1 3812
      1 3816
      1 3832
      1 3836
      2 3840
      3 3848
      2 3852
      1 3856
      3 3860
      2 3864
      1 3876
      1 3880
      2 3896
      3 3904
      1 3912
      1 3924
      4 3936
      4 3944
      2 3948
      1 3960
      1 3968
      2 3972
      2 3976
      2 3988
      1 3996
      2 4000
      2 4004
      1 4008
      1 4016
      1 4020
      1 4024
      1 4040
      1 4048
      2 4056
      3 4064
      2 4068
      1 4072
      2 4076
      1 4077
      1 4082
      2 4084
      1 4088
      2 4092
      1 4104
      1 4108
      1 4112
      1 4113
      1 4116
      3 4121
      2 4128
      3 4132
      1 4140
      1 4144
      1 4148
      3 4152
      3 4156
      3 4168
      1 4172
      1 4176
      1 4179
      2 4180
      2 4188
      1 4192
      3 4196
      1 4204
      2 4216
      1 4220
      1 4224
      2 4228
      1 4232
      1 4240
      1 4256
      1 4260
      3 4261
      1 4264
      1 4284
      1 4300
      1 4304
      3 4308
      1 4312
      1 4313
      2 4316
      1 4320
      1 4324
      1 4328
      1 4332
      1 4336
      2 4340
      1 4356
      3 4372
      2 4380
      1 4396
      2 4400
      1 4408
      3 4412
      1 4424
      1 4428
      2 4432
      2 4433
      1 4436
      3 4437
      1 4440
      1 4452
      2 4456
      2 4472
      1 4480
      2 4488
      2 4492
      1 4504
      1 4508
      1 4512
      1 4520
      1 4532
      1 4542
      2 4544
      1 4548
      1 4552
      1 4568
      5 4572
      1 4588
      1 4604
      1 4612
      2 4620
      1 4624
      3 4628
      2 4632
      2 4644
      1 4660
      1 4664
      1 4665
      2 4668
      1 4669
      3 4676
      1 4688
      1 4695
      1 4700
      1 4712
      3 4717
      2 4720
      1 4724
      1 4732
      1 4736
      1 4744
      2 4748
      1 4752
      1 4760
      1 4768
      2 4780
      1 4804
      1 4808
      2 4812
      1 4816
      3 4820
      1 4840
      1 4842
      1 4847
      1 4848
      1 4852
      1 4858
      1 4859
      2 4860
      1 4880
      2 4884
      1 4896
      1 4904
      1 4912
      1 4920
      2 4924
      1 4932
      2 4944
      3 4952
      1 4956
      1 4959
      1 4963
      3 4984
      2 4992
      3 4996
      3 5000
      2 5004
      1 5011
      1 5012
      2 5036
      1 5044
      1 5056
      2 5060
      1 5064
      1 5068
      3 5072
      1 5076
      1 5080
      2 5084
      1 5120
      3 5122
      1 5128
      1 5152
      1 5172
      3 5176
      2 5180
      1 5184
      4 5192
      1 5215
      1 5220
      1 5240
      1 5244
      1 5256
      1 5264
      2 5272
      2 5300
      1 5304
      1 5308
      1 5312
      3 5332
      1 5336
      1 5344
      1 5348
      3 5352
      1 5360
      1 5364
      1 5372
      2 5380
      1 5384
      3 5388
      1 5392
      1 5399
      1 5428
      1 5456
      1 5468
      1 5480
      2 5492
      1 5500
      1 5516
      1 5524
      1 5532
      1 5540
      2 5543
      1 5552
      1 5572
      2 5584
      2 5604
      1 5612
      1 5616
      2 5628
      1 5636
      1 5640
      2 5644
      2 5645
      2 5656
      1 5660
      1 5668
      1 5672
      1 5676
      1 5680
      1 5688
      1 5693
      1 5700
      3 5712
      1 5724
      1 5726
      1 5736
      1 5744
      1 5760
      1 5784
      3 5791
      1 5792
      1 5796
      2 5800
      4 5801
      1 5804
      3 5808
      1 5810
      1 5812
      1 5824
      1 5832
      1 5840
      2 5852
      1 5864
      1 5880
      1 5884
      1 5892
      3 5896
      2 5912
      1 5916
      3 5936
      1 5940
      1 5944
      1 5948
      1 5988
      1 5996
      1 6003
      2 6004
      1 6007
      1 6013
      3 6024
      1 6032
      2 6040
      1 6044
      1 6052
      2 6056
      1 6068
      1 6081
      5 6084
      1 6096
      1 6108
      4 6116
      3 6128
      2 6152
      2 6156
      1 6159
      1 6168
      2 6176
      1 6184
      1 6195
      1 6200
      1 6208
      1 6220
      1 6224
      5 6236
      1 6244
      1 6248
      1 6252
      1 6264
      1 6292
      2 6300
      2 6324
      1 6328
      1 6332
      1 6344
      1 6348
      2 6360
      1 6376
      1 6380
      1 6392
      1 6396
      1 6400
      1 6404
      1 6408
      2 6412
      2 6418
      3 6424
      5 6448
      1 6451
      1 6452
      1 6480
      2 6488
      2 6500
      2 6524
      1 6528
      2 6532
      1 6536
      1 6564
      1 6572
      1 6588
      1 6592
      1 6600
      1 6608
      1 6620
      4 6624
      4 6628
      1 6636
      1 6640
      2 6644
      3 6648
      1 6652
      3 6656
      1 6660
      2 6668
      1 6672
      1 6704
      1 6708
      2 6724
      1 6732
      1 6736
      3 6760
      3 6768
      1 6772
      1 6776
      2 6780
      1 6788
      1 6792
      1 6816
      3 6824
      1 6864
      1 6872
      1 6876
      3 6884
      1 6900
      1 6904
      1 6908
      1 6916
      1 6920
      1 6928
      2 6932
      1 6936
      1 6940
      1 6944
      2 6952
      1 6960
      1 6964
      1 6972
      1 6976
      1 6980
      1 7008
      1 7016
      1 7022
      5 7024
      1 7060
      2 7064
      1 7068
      1 7072
      1 7077
      1 7140
      1 7148
      2 7158
      1 7159
      1 7160
      2 7180
      1 7200
      1 7204
      1 7228
      1 7229
      1 7232
      1 7240
      1 7247
      1 7320
      2 7324
      1 7336
      2 7344
      1 7347
      1 7350
      1 7351
      1 7355
      1 7364
      1 7365
      2 7388
      1 7396
      1 7420
      1 7424
      1 7456
      1 7460
      1 7461
      1 7476
      1 7496
      1 7512
      2 7520
      1 7524
      1 7532
      1 7536
      1 7540
      1 7560
      3 7564
      1 7572
      1 7588
      2 7592
      1 7600
      2 7604
      1 7619
      1 7628
      1 7636
      1 7644
      1 7660
      1 7668
      1 7676
      1 7680
      2 7692
      2 7696
      1 7728
      1 7740
      1 7752
      1 7760
      1 7788
      1 7796
      1 7808
      2 7820
      2 7828
      1 7832
      1 7852
      1 7880
      1 7888
      1 7904
      1 7916
      1 7920
      2 7928
      1 8004
      2 8032
      2 8036
      1 8088
      1 8112
      2 8116
      3 8120
      1 8124
      8 8132
      1 8164
      2 8196
      1 8216
      1 8232
      3 8236
      1 8240
      1 8248
      2 8252
      1 8264
      2 8280
      1 8284
      1 8316
      3 8324
      2 8336
      1 8344
      1 8348
      1 8376
      1 8392
      2 8396
      3 8400
      2 8404
      1 8416
      1 8440
      1 8480
      2 8484
      3 8496
      1 8504
      1 8536
      1 8552
      1 8568
      5 8576
      1 8592
      2 8692
      1 8696
      3 8700
      1 8716
      2 8720
      2 8724
      1 8740
      1 8768
      1 8776
      1 8784
      1 8788
      2 8792
      1 8808
      1 8828
      1 8832
      1 8836
      1 8840
      1 8844
      1 8852
      1 8856
      1 8860
      2 8876
      1 8892
      1 8900
      1 8906
      2 8908
      1 8912
      1 8924
      1 8929
      1 8932
      1 8944
      1 8947
      1 8952
      1 8996
      1 9016
      2 9040
      2 9052
      1 9076
      1 9104
      1 9136
      2 9140
      3 9144
      1 9164
      1 9172
      3 9179
      1 9228
      1 9244
      1 9276
      1 9420
      1 9460
      4 9471
      1 9496
      1 9500
      1 9508
      1 9560
      1 9564
      1 9588
      1 9608
      2 9616
      1 9620
      1 9656
      1 9664
      1 9684
      1 9696
      1 9700
      2 9704
      1 9720
      1 9736
      1 9740
      1 9764
      1 9788
      1 9792
      1 9812
      1 9824
      1 9828
      1 9848
      1 9900
      1 9920
      1 9968
      2 9976
      1 9980
      1 9984
      1 10032
      1 10044
      1 10124
      1 10128
      1 10132
      1 10152
      1 10180
      1 10192
      1 10196
      1 10200
      1 10204
      2 10208
      1 10252
      2 10256
      1 10268
      1 10276
      1 10284
      1 10288
      1 10308
      1 10364
      3 10380
      2 10392
      3 10396
      1 10404
      1 10416
      1 10420
      1 10444
      2 10456
      1 10548
      1 10561
      2 10569
      1 10572
      4 10592
      4 10596
      1 10632
      2 10636
      1 10640
      8 10660
      1 10664
      2 10680
      1 10724
      1 10776
      1 10784
      1 10788
      2 10824
      1 10860
      1 10868
      2 10876
      1 10884
      1 10888
      1 10904
      1 10908
      1 10952
      1 10980
      1 11008
      2 11032
      1 11068
      1 11088
      1 11096
      1 11104
      1 11124
      1 11180
      1 11256
      2 11264
      1 11276
      1 11280
      2 11296
      1 11300
      1 11320
      2 11324
      1 11328
      1 11400
      1 11404
      1 11408
      1 11428
      1 11444
      1 11484
      2 11536
      2 11580
      1 11585
      1 11656
      1 11692
      2 11696
      1 11704
      1 11720
      1 11724
      3 11744
      1 11776
      1 11792
      1 11864
      1 11872
      1 11888
      1 11916
      1 11964
      1 12000
      1 12016
      1 12080
      1 12104
      1 12162
      2 12164
      1 12180
      3 12184
      1 12196
      1 12224
      1 12228
      1 12236
      1 12240
      1 12244
      3 12247
      1 12252
      1 12284
      1 12292
      2 12293
      1 12294
      1 12300
      2 12304
      3 12308
      1 12312
      1 12316
      1 12320
      1 12328
      1 12376
      1 12392
      2 12404
      2 12408
      2 12412
      1 12452
      1 12456
      1 12484
      1 12496
      1 12500
      1 12508
      1 12604
      1 12612
      1 12648
      1 12688
      1 12740
      2 12748
      1 12828
      1 12852
      1 12856
      1 12872
      1 12876
      1 12884
      1 12892
      1 12932
      1 13020
      1 13032
      1 13036
      1 13072
      1 13088
      2 13116
      1 13120
      1 13136
      1 13148
      3 13152
      2 13156
      2 13160
      2 13164
      1 13172
      1 13184
      1 13188
      1 13208
      3 13232
      3 13239
      2 13248
      1 13256
      1 13272
      2 13288
      1 13292
      1 13371
      3 13374
      1 13436
      1 13456
      1 13464
      1 13472
      2 13480
      1 13540
      1 13552
      1 13556
      1 13560
      2 13564
      2 13568
      1 13572
      1 13576
      3 13580
      1 13584
      1 13592
      1 13600
      1 13644
      1 13688
      4 13725
      1 13776
      1 13788
      2 13790
      1 13792
      1 13808
      1 13816
      1 13884
      1 13932
      1 13960
      1 13976
      1 13984
      1 13988
      1 14012
      1 14024
      1 14052
      2 14064
      1 14068
      1 14152
      1 14172
      1 14176
      1 14216
      1 14288
      1 14320
      1 14340
      1 14360
      1 14432
      1 14464
      1 14468
      1 14500
      1 14544
      1 14568
      2 14571
      1 14584
      2 14640
      2 14705
      3 14768
      2 14772
      1 14800
      1 14868
      1 14896
      2 14928
      1 15032
      1 15040
      1 15052
      1 15062
      1 15100
      1 15101
      1 15132
      1 15168
      1 15180
      1 15193
      1 15244
      1 15280
      5 15292
      1 15336
      1 15392
      5 15434
      1 15448
      2 15460
      1 15464
      1 15468
      1 15472
      1 15500
      1 15516
      1 15532
      1 15560
      1 15576
      1 15584
      2 15600
      1 15632
      1 15648
      1 15657
      2 15684
      1 15792
      1 15824
      1 15832
      1 15854
      1 15884
      1 15908
      1 15912
      1 15936
      3 15986
      2 16008
      1 16060
      1 16080
      2 16088
      1 16112
      1 16164
      3 16195
      2 16236
      1 16344
      2 16348
      2 16351
      8 16352
      1 16372
      1 16380
      1 16416
      1 16468
      1 16472
      1 16544
      2 16620
      3 16635
      1 16640
      1 16668
      1 16800
      1 16828
      1 16845
      1 16858
      1 16908
      1 16949
      1 16972
      1 16999
      1 17004
      1 17025
      1 17056
      1 17068
      1 17149
      1 17152
      1 17195
      1 17196
      1 17212
      2 17268
      1 17292
      1 17324
      1 17400
      2 17416
      3 17452
      1 17492
      1 17500
      1 17504
      1 17544
      1 17648
      1 17684
      1 17688
      1 17796
      1 17808
      1 17812
      1 17836
      1 17876
      1 17880
      1 17952
      1 17956
      1 17976
      1 17980
      1 18028
      1 18064
      1 18080
      1 18100
      1 18148
      1 18324
      2 18360
      1 18448
      1 18456
      2 18472
      1 18496
      2 18564
      1 18584
      1 18588
      1 18644
      1 18672
      1 18692
      1 18724
      1 18788
      1 18796
      1 18812
      1 18848
      1 18964
      1 19228
      1 19250
      1 19252
      1 19260
      1 19316
      1 19320
      1 19324
      2 19336
      1 19384
      2 19464
      1 19504
      2 19508
      1 19520
      1 19532
      1 19540
      1 19544
      1 19556
      1 19584
      1 19588
      1 19789
      1 19790
      1 19808
      1 19856
      1 19876
      1 19988
      1 20052
      1 20068
      1 20096
      1 20108
      1 20228
      1 20288
      1 20300
      1 20484
      1 20652
      1 20744
      1 20748
      1 20820
      1 20828
      3 20839
      1 20844
      1 20856
      1 20944
      1 20960
      1 20964
      1 21048
      1 21052
      1 21056
      1 21100
      1 21220
      1 21224
      1 21264
      2 21292
      3 21296
      1 21336
      1 21344
      3 21473
      1 21536
      1 21582
      1 21604
      1 21612
      4 21632
      2 21636
      1 21664
      1 21668
      1 21676
      2 21707
      1 21792
      1 21808
      1 21922
      1 21932
      1 21936
      2 22036
      2 22040
      1 22096
      1 22112
      1 22113
      1 22172
      1 22192
      1 22220
      1 22324
      1 22332
      1 22348
      1 22349
      1 22364
      1 22480
      1 22524
      1 22536
      1 22548
      1 22636
      1 22688
      1 22904
      1 22940
      1 23020
      1 23156
      1 23160
      1 23188
      1 23216
      1 23300
      1 23408
      1 23432
      1 23552
      1 23632
      1 23684
      1 23732
      2 23748
      1 23752
      1 23924
      1 23940
      1 24312
      1 24316
      1 24350
      1 24404
      1 24508
      1 24572
      1 24612
      1 24820
      1 25032
      1 25036
      1 25040
      1 25044
      1 25120
      1 25336
      1 25368
      1 25388
      1 25444
      1 25532
      1 25660
      1 25896
      1 26104
      1 26108
      2 26192
      1 26208
      1 26272
      1 26392
      1 26448
      1 26556
      1 26668
      1 26672
      2 26676
      1 26700
      3 26950
      1 26976
      1 26984
      1 27024
      1 27080
      1 27204
      1 27418
      1 27532
      1 27556
      1 27580
      1 27932
      2 28050
      1 28152
      1 28241
      1 28492
      1 28648
      1 29188
      1 29192
      1 29232
      1 29452
      1 29504
      1 29656
      1 29680
      1 29868
      1 30113
      1 30156
      1 30160
      1 30164
      1 30165
      1 30168
      1 30480
      1 30484
      1 30488
      1 30492
      1 30528
      1 30549
      1 30550
      1 30604
      1 30616
      1 30712
      1 31100
      1 31304
      1 31352
      1 31464
      1 31772
      1 31776
      1 31784
      1 31788
      1 31964
      1 31968
      1 32074
      1 32205
      1 32468
      1 32636
      1 32740
      1 32960
      2 33120
      4 33565
      1 33676
      1 33816
      1 33872
      1 33932
      1 34240
      1 34300
      1 34380
      1 34384
      1 34620
      1 34656
      1 35064
      1 35128
      1 35236
      1 35328
      1 35388
      1 35488
      1 35492
      1 35496
      1 35860
      1 36068
      1 36384
      1 36572
      1 36664
      2 36804
      1 36868
      1 36984
      1 36988
      1 37041
      2 37112
      1 37120
      1 37360
      1 37376
      1 37540
      1 37544
      1 37620
      1 37740
      1 37741
      1 38532
      2 38616
      1 38765
      1 38864
      1 38908
      1 39172
      2 39532
      1 39650
      1 39720
      1 39740
      1 39744
      1 39819
      1 40064
      1 40128
      1 40472
      1 40484
      1 40780
      1 40876
      1 40920
      1 40948
      1 40956
      1 41280
      1 41304
      1 41472
      1 41476
      1 41680
      1 41700
      1 42024
      1 42392
      1 42536
      1 42548
      1 43268
      1 44020
      1 44048
      1 44084
      1 44088
      1 44096
      1 44143
      1 44288
      1 44960
      1 45100
      1 45152
      1 45156
      1 45160
      1 45164
      1 45408
      1 45903
      1 45911
      2 46010
      1 46328
      2 46648
      1 46848
      1 46856
      1 47064
      1 47094
      1 47248
      1 47252
      1 47448
      1 47452
      1 47453
      1 47564
      1 47568
      1 47572
      1 47608
      1 47931
      1 47932
      1 48312
      1 48324
      1 48332
      1 48377
      1 48417
      1 48528
      1 49436
      1 49464
      1 49472
      1 49792
      1 49796
      1 49800
      1 49892
      1 50132
      1 50152
      1 50208
      1 50343
      1 50552
      1 50936
      1 51101
      1 51480
      1 51564
      1 51848
      1 51928
      1 52504
      1 52936
      1 53000
      1 53096
      1 53108
      1 53572
      1 53574
      1 53721
      1 53744
      1 53882
      1 54880
      1 54904
      2 55036
      1 55064
      2 55432
      1 55824
      1 55860
      1 56096
      1 56504
      1 56592
      1 56932
      1 57992
      1 58448
      1 58872
      1 59616
      1 59632
      3 59819
      1 59944
      1 59948
      1 60204
      1 60384
      1 60896
      1 61208
      1 61692
      1 61832
      1 62524
      1 62920
      1 62932
      1 64008
      2 64636
      1 65064
      1 66140
      1 66860
      1 67068
      1 67548
      1 67552
      1 67556
      1 67560
      1 67648
      1 67656
      1 67688
      1 67692
      1 67764
      1 67768
      1 68044
      1 68556
      1 70264
      1 70908
      1 71240
      1 71792
      1 71820
      1 71944
      1 72064
      1 72092
      1 72835
      1 72843
      1 73116
      1 73624
      1 74284
      1 74340
      1 75826
      1 76776
      1 77040
      1 77552
      1 79572
      1 80260
      1 80376
      1 80460
      1 80488
      1 81252
      1 81592
      1 81888
      1 82184
      1 82224
      1 82416
      1 85748
      1 86596
      1 86692
      1 87252
      1 87488
      1 87644
      1 87792
      1 91644
      1 92876
      1 94444
      1 94452
      1 94464
      1 94804
      2 95220
      1 95440
      1 97184
      1 98452
      1 98820
      1 98832
      1 99052
      1 103020
      1 103648
      1 104748
      1 104936
      1 105112
      1 105421
      1 105764
      1 105804
      1 105861
      2 106844
      1 109640
      1 110252
      1 111156
      1 111740
      1 112148
      1 112152
      1 112924
      1 113863
      1 114452
      1 116264
      1 116300
      1 117216
      1 117228
      1 118292
      1 119084
      1 119320
      1 119328
      1 119388
      1 119520
      1 120533
      3 120595
      1 120616
      1 121548
      1 122524
      1 122852
      1 122924
      1 124443
      1 125508
      1 125512
      1 125744
      1 126576
      1 127312
      1 128360
      1 128875
      1 130416
      1 130472
      1 130680
      1 130688
      1 131640
      1 133088
      2 133408
      1 133540
      1 133838
      1 140288
      1 141348
      1 142962
      1 142966
      2 143072
      1 143816
      1 146876
      1 146877
      1 146878
      2 147800
      1 149720
      1 150288
      1 153208
      1 154058
      1 155420
      1 155660
      1 158572
      1 161600
      1 164624
      1 164841
      1 165016
      1 167247
      1 167251
      1 168100
      1 168424
      1 171788
      1 172012
      1 176591
      1 176864
      1 179568
      1 183724
      1 183812
      1 184604
      1 185476
      1 185660
      1 187004
      2 189280
      1 194528
      1 194532
      1 194536
      1 195016
      1 195020
      1 196192
      1 196196
      1 200264
      1 203688
      1 205099
      1 205110
      1 205464
      1 205532
      1 210061
      1 210116
      1 216476
      1 216484
      1 223160
      1 225512
      1 228924
      1 232568
      1 235412
      1 235628
      1 238200
      1 245780
      1 255768
      1 256184
      1 261455
      1 262644
      1 262860
      1 267104
      1 278848
      1 280124
      1 283532
      1 283536
      2 286954
      1 286958
      1 289969
      1 290072
      1 290696
      1 297292
      1 303016
      1 303096
      1 303976
      1 312342
      1 314552
      1 331144
      1 331464
      1 348280
      1 352252
      1 357320
      1 359564
      1 359568
      1 361460
      1 361740
      1 366816
      1 367272
      1 380804
      1 380808
      1 385296
      2 411488
      1 412092
      1 419292
      1 421512
      2 422432
      1 422436
      1 424996
      1 433096
      1 433104
      1 457679
      1 477224
      1 495904
      1 497152
      1 497156
      1 512236
      1 512728
      1 514036
      1 530621
      1 533760
      1 533764
      1 535300
      1 535712
      1 569415
      1 570823
      1 570824
      1 570827
      1 572021
      1 572025
      1 575893
      2 575900
      1 584548
      1 599604
      1 608860
      1 609048
      1 660252
      1 660256
      1 777924
      1 777928
      1 794808
      1 794812
      1 800804
      1 832044
      1 841499
      1 870404
      1 936428
      1 1041700
      1 1044652
      1 1053888
      1 1061468
      1 1062428
      1 1111584
      1 1266444
      1 1323196
      1 1431788
      1 1488096
      1 1509260
      1 1578468
      1 1579560
      1 1583348
      1 1592488
      1 1727697
      1 1894716
      1 2106656
      1 2116804
      1 2323548
      1 2642352
      1 2691188
      1 2698160
      1 2927564
      1 2931836
      1 3155260
      1 3703400
      1 3958864
      1 4163794
      1 4472204
      1 4590984
      1 4593040
      1 4852440
      1 6696416
      1 7210088
      1 7925420
      1 8673920
      1 10332304
      1 12700752
      1 13164116
      1 15562832
      1 21920096
      1 29968732
      1 54207660
      1 153450740
      1 153462848
      1 153493212
      1 154554768
      1 219005944
      1 219005948
      1 234065140
